1 12000.0 601.72 1.72 600.0
2 11998.28 601.72 1.81 599.91
3 11996.46 601.72 1.9 599.82
4 11994.56 601.72 2.0 599.73
5 11992.57 601.72 2.1 599.63
6 11990.47 601.72 2.2 599.52
7 11988.27 601.72 2.31 599.41
8 11985.96 601.72 2.43 599.3
9 11983.53 601.72 2.55 599.18
10 11980.98 601.72 2.68 599.05
11 11978.31 601.72 2.81 598.92
12 11975.5 601.72 2.95 598.77
13 11972.55 601.72 3.1 598.63
14 11969.45 601.72 3.25 598.47
15 11966.2 601.72 3.41 598.31
16 11962.79 601.72 3.59 598.14
17 11959.2 601.72 3.76 597.96
18 11955.44 601.72 3.95 597.77
19 11951.48 601.72 4.15 597.57
20 11947.33 601.72 4.36 597.37
21 11942.98 601.72 4.58 597.15
22 11938.4 601.72 4.8 596.92
23 11933.59 601.72 5.04 596.68
24 11928.55 601.72 5.3 596.43
25 11923.25 601.72 5.56 596.16
26 11917.69 601.72 5.84 595.88
27 11911.85 601.72 6.13 595.59
28 11905.72 601.72 6.44 595.29
29 11899.28 601.72 6.76 594.96
30 11892.52 601.72 7.1 594.63
31 11885.42 601.72 7.45 594.27
32 11877.97 601.72 7.83 593.9
33 11870.14 601.72 8.22 593.51
34 11861.92 601.72 8.63 593.1
35 11853.3 601.72 9.06 592.66
36 11844.24 601.72 9.51 592.21
37 11834.72 601.72 9.99 591.74
38 11824.73 601.72 10.49 591.24
39 11814.25 601.72 11.01 590.71
40 11803.23 601.72 11.56 590.16
41 11791.67 601.72 12.14 589.58
42 11779.53 601.72 12.75 588.98
43 11766.78 601.72 13.39 588.34
44 11753.4 601.72 14.05 587.67
45 11739.34 601.72 14.76 586.97
46 11724.58 601.72 15.5 586.23
47 11709.09 601.72 16.27 585.45
48 11692.82 601.72 17.08 584.64
49 11675.74 601.72 17.94 583.79
50 11657.8 601.72 18.83 582.89
51 11638.96 601.72 19.78 581.95
52 11619.19 601.72 20.77 580.96
53 11598.42 601.72 21.8 579.92
54 11576.62 601.72 22.89 578.83
55 11553.73 601.72 24.04 577.69
56 11529.69 601.72 25.24 576.48
57 11504.45 601.72 26.5 575.22
58 11477.94 601.72 27.83 573.9
59 11450.12 601.72 29.22 572.51
60 11420.9 601.72 30.68 571.04
61 11390.22 601.72 32.21 569.51
62 11358.0 601.72 33.82 567.9
63 11324.18 601.72 35.52 566.21
64 11288.67 601.72 37.29 564.43
65 11251.37 601.72 39.16 562.57
66 11212.22 601.72 41.11 560.61
67 11171.1 601.72 43.17 558.56
68 11127.93 601.72 45.33 556.4
69 11082.61 601.72 47.59 554.13
70 11035.01 601.72 49.97 551.75
71 10985.04 601.72 52.47 549.25
72 10932.57 601.72 55.1 546.63
73 10877.47 601.72 57.85 543.87
74 10819.62 601.72 60.74 540.98
75 10758.88 601.72 63.78 537.94
76 10695.09 601.72 66.97 534.75
77 10628.12 601.72 70.32 531.41
78 10557.81 601.72 73.83 527.89
79 10483.97 601.72 77.53 524.2
80 10406.45 601.72 81.4 520.32
81 10325.04 601.72 85.47 516.25
82 10239.57 601.72 89.75 511.98
83 10149.83 601.72 94.23 507.49
84 10055.59 601.72 98.94 502.78
85 9956.65 601.72 103.89 497.83
86 9852.75 601.72 109.09 492.64
87 9743.67 601.72 114.54 487.18
88 9629.13 601.72 120.27 481.46
89 9508.86 601.72 126.28 475.44
90 9382.58 601.72 132.6 469.13
91 9249.98 601.72 139.23 462.5
92 9110.76 601.72 146.19 455.54
93 8964.57 601.72 153.5 448.23
94 8811.07 601.72 161.17 440.55
95 8649.9 601.72 169.23 432.5
96 8480.67 601.72 177.69 424.03
97 8302.98 601.72 186.58 415.15
98 8116.41 601.72 195.9 405.82
99 7920.5 601.72 205.7 396.03
100 7714.8 601.72 215.98 385.74
101 7498.82 601.72 226.78 374.94
102 7272.03 601.72 238.12 363.6
103 7033.91 601.72 250.03 351.7
104 6783.88 601.72 262.53 339.19
105 6521.35 601.72 275.66 326.07
106 6245.7 601.72 289.44 312.28
107 5956.26 601.72 303.91 297.81
108 5652.34 601.72 319.11 282.62
109 5333.24 601.72 335.06 266.66
110 4998.17 601.72 351.82 249.91
111 4646.36 601.72 369.41 232.32
112 4276.95 601.72 387.88 213.85
113 3889.07 601.72 407.27 194.45
114 3481.8 601.72 427.63 174.09
115 3054.17 601.72 449.02 152.71
116 2605.15 601.72 471.47 130.26
117 2133.69 601.72 495.04 106.68
118 1638.65 601.72 519.79 81.93
119 1118.85 601.72 545.78 55.94
120 573.07 601.72 573.07 28.65
